"name" "length" "avgft" "maxft" "RMSFT" "avgstretch" "maxstretch" "RMSS" "avgbsld" "maxbsld" "RMSBSLD"
"./CEA-curie/simulations/res_easy_prediction_backfill_scheduler_predictorclairvoyant_throw_an_error.swf.gz" 295540 NA 262353 28002.8721674335 141.966333235338 115500 1053.06762578667 69.9259347073813 17747.8 404.71868058244
"./CEA-curie/simulations/res_easy_prediction_backfill_scheduler_predictorreqtime_throw_an_error.swf.gz" 295540 NA 318042 29996.201937456 397.343199242412 209498 2602.42555581926 202.133161662561 23315.3 1093.10914948815
"./CTC-SP2/simulations/res_easy_prediction_backfill_scheduler_predictorclairvoyant_throw_an_error.swf.gz" 77199 24835.9241700022 278636 41411.4029391272 54.1072378174758 39558 689.199905327176 37.1654014851933 3955.8 152.619122446632
"./CTC-SP2/simulations/res_easy_prediction_backfill_scheduler_predictorreqtime_throw_an_error.swf.gz" 77199 25526.8022254174 337283 43157.0988017212 83.1306688152626 67641 1153.77676996124 49.5712902189859 12715.4 228.340632409705
"./KTH-SP2/simulations/res_easy_prediction_backfill_scheduler_predictorclairvoyant_throw_an_error.swf.gz" 28481 15187.6077033812 356843 30879.0284673628 139.004275796457 50408 1394.79406340383 71.7223851124418 10017.2 368.666676974225
"./KTH-SP2/simulations/res_easy_prediction_backfill_scheduler_predictorreqtime_throw_an_error.swf.gz" 28481 15696.7981812436 309231 31651.8146296885 198.001775521565 124477 2014.70734059169 92.5765397336295 14805.2 476.260314538994
"./SDSC-BLUE/simulations/res_easy_prediction_backfill_scheduler_predictorclairvoyant_throw_an_error.swf.gz" 232542 NA 477592 28034.8473803576 30.7503556167788 7178 121.956258439732 30.6214539423518 4493.75 118.417382720582
"./SDSC-BLUE/simulations/res_easy_prediction_backfill_scheduler_predictorreqtime_throw_an_error.swf.gz" 232542 NA 458353 29563.8297745299 36.6766836529827 9152 162.103863039263 36.5233635393129 4939.43181818182 158.644405999053
"./SDSC-SP2/simulations/res_easy_prediction_backfill_scheduler_predictorclairvoyant_throw_an_error.swf.gz" 54006 24690.2062918935 460728 47956.5671894258 71.4904183583147 15066 265.453963619397 70.4779419668026 4865.52777777778 240.340390392948
"./SDSC-SP2/simulations/res_easy_prediction_backfill_scheduler_predictorreqtime_throw_an_error.swf.gz" 54006 27850.8616820353 463592 54197.6309194347 89.5674380931232 54765 393.782345203137 87.8703241921987 10953 305.727712197242
